Farrons Office
accessall
2022-12-11T23:29:47.841937300
390
0 1 0.46438480000000026
0 1 0.6078790000000003
0 1 0.7523493000000002
1 0 2.7040662999999996
1 0 2.8643973999999996
1 0 3.0075830999999997
1 0 3.152035699999999
1 0 3.312403199999999
1 0 3.456357399999999
0 -1 3.7597972999999993
0 1 4.064375299999999
0 1 4.208598499999999
0 -1 4.5123911
-1 0 5.7118557
-1 0 5.8567488999999995
-1 0 6.000397799999998
-1 0 6.160247099999998
-1 0 6.304051299999998
0 -1 6.607921399999997
0 1 8.112293399999997
0 1 8.255769599999995
0 1 8.400640899999996
1 0 9.456129099999991
-1 0 9.90427049999999
1 0 10.81571819999999
1 0 10.959863699999989
0 -1 12.160151099999986
-1 0 13.359762899999986
1 0 13.503886399999987
1 0 14.256059599999988
1 0 14.415865699999989
1 0 14.56105019999999
-1 0 16.352387399999998
1 0 17.263737399999986
1 0 17.423890499999985
1 0 17.855929099999994
0 1 18.91175449999999
0 -1 19.359662799999985
1 0 19.66387189999999
1 0 19.80780079999999
0 1 20.255605099999983
-1 0 20.560237399999984
-1 0 21.31199209999999
0 -1 21.615839099999988
0 1 22.207810399999982
1 0 22.656046799999988
1 0 22.960052599999987
0 -1 23.552448699999985
-1 0 23.85579629999999
-1 0 24.304271699999997
1 0 24.911676500000006
1 0 25.056410500000002
0 1 25.359592700000007
0 1 25.504526800000004
0 1 25.664226700000007
-1 0 25.82405620000001
