Farrons Office
accessall
2022-12-11T23:37:06.862713800
430
0 1 0.46361089999999994
0 1 0.6079306
0 1 0.7518802
1 0 1.2160352
1 0 1.3601839000000002
1 0 1.5036809000000002
1 0 1.6636020000000002
1 0 1.8079291000000004
1 0 1.9519216000000008
0 -1 2.7036322000000026
0 -1 3.152107300000003
0 1 3.6004364000000035
0 1 4.064346800000004
0 -1 4.665312300000001
-1 0 5.856695099999999
-1 0 6.000295699999998
-1 0 6.159793799999998
-1 0 6.303744799999998
-1 0 6.463466699999996
0 -1 6.607497499999996
0 -1 6.751602699999995
0 1 7.807540899999996
0 1 7.9517557999999955
0 1 8.111802899999995
0 1 8.255634499999994
1 0 9.15151019999999
1 0 9.310632299999991
0 -1 9.60035149999999
-1 0 11.710805200000001
1 0 12.000245200000004
1 0 12.4610528
1 0 12.608028299999997
1 0 14.559765499999996
0 1 15.007990399999997
0 -1 15.615483300000001
1 0 15.904244199999997
0 -1 16.352000699999994
1 0 17.26425310000001
0 1 17.552265400000007
1 0 17.855752700000007
0 1 18.159676199999996
-1 0 18.463541699999997
-1 0 18.9119339
0 -1 19.2158228
0 1 19.6636859
1 0 19.9517569
1 0 20.400271400000005
0 1 20.864488700000006
-1 0 21.15186730000001
