Farrons Office
lewis
2022-12-08T13:53:53.735058100
560
1 0 0.16699180000000002
2 0 0.3194884
5 0 0.4792654
5 1 0.6237318000000002
5 3 0.7674240000000001
5 3 0.9276407000000002
5 3 1.071552
5 2 1.2317835000000006
5 2 1.3911079000000004
5 2 1.5192841000000004
5 2 1.6792043000000003
5 2 1.8233847000000005
5 2 1.9672795
5 2 2.1280384999999997
5 2 2.271353899999999
4 2 2.4312670999999986
3 2 2.5759969999999983
2 2 2.7195210999999975
1 2 2.879083299999997
0 2 3.0232887999999973
0 2 3.167241499999997
0 1 3.327368199999997
0 1 3.4713241999999966
0 1 3.631497299999997
0 1 3.7760138999999966
0 1 3.9193249999999966
0 1 4.079221799999997
0 1 4.223262199999996
0 2 4.367543499999996
1 2 4.528093899999996
1 2 4.671334099999995
1 1 4.831324499999995
1 1 4.991082299999995
2 1 5.119121999999995
3 1 5.280122499999996
4 1 5.423361599999996
5 1 5.567930199999996
5 1 5.7273963999999955
5 3 5.871200699999996
5 3 6.031298699999996
5 2 6.176043799999995
6 2 6.319295799999995
7 2 6.4800063999999935
7 2 6.623940299999994
7 3 6.767938499999994
4 3 6.927094099999995
3 3 7.071312199999996
3 0 7.231993299999996
3 0 7.392045399999997
3 0 7.5196808999999964
3 3 7.679306699999997
3 3 7.823065499999997
4 3 7.967231599999996
7 3 8.128096499999995
7 4 8.271259899999997
7 4 8.431103599999998
6 4 8.5910844
