Farrons Office
cellan
2022-12-08T12:40:42.036371
520
0 0 0.15006033900000001
0 0 0.30085134599999996
1 0 0.45082501999999997
2 0 0.6007102109999999
5 0 0.75083232
5 0 0.900819882
5 1 1.067492984
5 3 1.2005971880000001
5 3 1.3507823330000004
5 3 1.5007788890000002
5 3 1.650770481
5 2 1.800768439
5 2 1.9507788080000001
5 2 2.10077185
5 2 2.25081107
5 2 2.400629553
5 2 2.5668466469999998
5 2 2.700759372
5 2 2.8507643430000003
5 2 3.0003980740000005
5 2 3.1504714610000004
4 2 3.3007512689999996
3 2 3.466769282
2 2 3.600106106
1 2 3.766743883
0 2 3.9165402439999997
0 1 4.066504384
0 1 4.200217171999999
0 1 4.350599689
0 1 4.5008033350000005
0 1 4.650171751000001
0 2 4.800612605
0 2 4.96677533
1 2 5.116630615
1 2 5.250059083999999
1 1 5.400403760999999
1 1 5.550586883999998
1 1 5.716411599999999
1 2 5.8508071379999995
1 2 6.016880891
1 2 6.1500390089999994
1 2 6.300547324999999
1 2 6.450762496999999
1 2 6.617170560999998
2 2 6.767048939999999
3 2 6.900878718999998
3 2 7.050825775999998
3 2 7.200678647999998
3 2 7.3682892399999975
3 2 7.500802995999997
3 2 7.650514980999998
3 2 7.817437176999998
3 2 7.950781482999997
4 2 8.119213315999996
5 2 8.250268532999996
6 2 8.400632937999996
7 2 8.551160375999995
7 2 8.702637217999996
7 3 8.850740051999995
7 3 9.000734760999995
7 3 9.150742686999997
7 3 9.300821424999999
7 3 9.450061306
7 3 9.600212355
7 3 9.750565453999998
7 3 9.900821900999997
7 3 10.050207895999996
7 3 10.200666384999996
4 3 10.367388471999995
4 3 10.516925197999997
3 3 10.667273411
3 3 10.800700369
3 0 10.950064284000003
3 0 11.100749399000001
3 0 11.250032400000002
3 3 11.416691659
3 3 11.550682436
3 3 11.700787956
3 3 11.850864689000002
4 3 12.000078505000001
4 3 12.150147538
7 3 12.300042495
7 3 12.450471064999997
7 4 12.600823465999998
6 4 12.750330559999998
