Liams office
lewis
2022-12-12T07:46:09.159502200
1100
0 1 0.19130400000000003
0 1 0.30402730000000006
0 1 0.4640985000000001
1 0 1.2001774
1 0 1.3605786
-1 0 1.6643955000000004
0 -1 1.8080260000000001
0 -1 1.9683513000000001
0 -1 2.1120905999999993
0 -1 2.256019499999999
-1 0 2.4000856999999995
-1 0 2.5603635
0 -1 2.864372699999999
0 -1 3.0080253999999984
0 -1 3.1527964999999982
1 0 3.3119934999999985
0 1 3.4566901999999984
0 1 3.600260599999998
0 1 3.760792399999998
1 0 3.904772599999998
0 -1 4.064862299999998
0 -1 4.208123799999999
0 -1 4.3519776
0 1 4.816055599999999
0 1 4.9601554
0 1 5.104633599999999
0 1 5.264110399999999
0 1 5.408126699999999
0 1 5.5527837999999985
-1 0 5.7129717
-1 0 5.8568253
-1 0 6.000644299999999
0 -1 6.6081039
-1 0 6.767888599999999
-1 0 6.912047599999998
0 1 7.504218099999997
-1 0 7.664073499999997
-1 0 7.808144299999996
-1 0 7.968015099999997
0 -1 8.112032699999997
0 -1 8.256151599999997
0 -1 8.4002053
0 -1 8.560574200000001
0 -1 8.705019000000002
1 0 9.008245799999997
1 0 9.1678992
0 1 9.456853600000002
0 1 9.600496700000004
0 1 9.760542200000003
0 1 9.903973100000002
0 -1 10.368145500000002
0 -1 10.960141600000002
0 -1 12.0001347
-1 0 12.304172800000002
0 -1 12.609058300000001
0 -1 12.768111600000003
0 1 13.056294800000005
0 1 13.200150100000004
0 1 13.360140300000005
0 1 13.664266600000003
1 0 13.808294400000005
1 0 13.968125300000004
1 0 14.112857200000004
1 0 14.256432800000004
0 1 14.400485100000004
1 0 14.864097700000002
1 0 15.008885900000001
1 0 15.311998400000004
1 0 15.487475400000003
-1 0 15.760151300000006
-1 0 16.352875100000013
0 -1 16.656836600000013
0 1 17.104326800000017
1 0 18.304939900000022
1 0 19.05680260000003
0 -1 19.360121500000023
0 -1 19.504321200000028
0 -1 25.80802360000004
0 1 26.70493450000004
0 -1 27.600198600000052
0 -1 30.00005330000005
0 -1 30.464344000000054
-1 0 30.752728200000057
0 1 31.20018790000005
-1 0 31.80864490000004
0 1 32.112668600000035
-1 0 32.56014720000002
0 1 32.86397490000002
1 0 33.312816000000026
1 0 34.06484920000005
