Stuarts office
lewis
2022-12-12T07:40:50.127780300
1690
0 1 0.30404760000000003
0 1 0.46457780000000004
0 1 0.6076739
1 0 1.0557608000000003
1 0 1.2159331000000007
1 0 1.3598742000000006
1 0 1.5205490000000008
1 0 1.6643629000000009
1 0 1.8085760000000008
0 -1 3.311990600000001
0 -1 3.456634900000001
0 -1 3.6159406000000005
0 -1 3.7606356
-1 0 4.0641827
-1 0 4.207613
-1 0 4.3526839
1 0 4.655955400000001
1 0 4.800112200000001
1 0 4.960126000000002
0 1 5.407705200000003
0 1 5.552617900000003
0 1 5.711841400000003
0 1 6.320569400000002
-1 0 6.751724600000001
0 -1 7.056160500000002
0 -1 7.200541200000001
1 0 7.5038646
1 0 7.6556150999999995
1 0 7.808570299999999
0 -1 7.952159499999999
-1 0 8.112362300000001
-1 0 8.255718099999998
-1 0 8.400786899999996
-1 0 8.560656099999997
-1 0 8.720581299999996
-1 0 8.863924599999992
0 1 9.151855399999992
0 1 9.61616689999999
0 1 9.759989799999989
1 0 9.919734899999991
1 0 10.064445199999993
1 0 10.207827899999993
0 1 10.352283799999993
-1 0 11.8560055
-1 0 12.0158867
-1 0 12.1605069
0 -1 12.4637569
1 0 12.752113999999999
1 0 12.9118533
1 0 13.056081900000004
1 0 13.200732700000001
1 0 13.3609921
1 0 13.5207085
0 -1 13.9526055
0 -1 14.111871099999998
0 -1 14.256065999999997
1 0 14.400786699999998
1 0 14.560708199999997
1 0 14.720471799999999
0 -1 14.8644367
-1 0 15.008132
-1 0 15.151730400000002
-1 0 15.311885899999998
-1 0 15.455988899999996
-1 0 15.600867199999996
-1 0 15.760725999999998
0 1 16.063951999999993
0 1 16.207979199999997
1 0 16.512633700000002
1 0 16.6544773
1 0 16.800716800000004
0 1 17.408384699999992
0 -1 17.856154099999987
-1 0 18.319626399999983
-1 0 18.463927899999984
0 -1 18.751675699999986
1 0 18.912255999999985
1 0 19.055861399999984
1 0 19.200736499999987
0 1 19.66398029999999
1 0 20.111635999999994
0 1 21.311856399999993
0 1 21.75979649999999
-1 0 21.903624599999986
-1 0 22.063878199999987
-1 0 22.207873699999986
1 0 23.119703799999993
1 0 24.015801100000004
1 0 24.160760100000008
1 0 24.30405650000001
-1 0 24.60800890000001
-1 0 24.75165250000001
-1 0 24.91178610000001
1 0 25.359782300000003
0 -1 25.95186229999999
0 -1 26.111828499999994
0 -1 29.408712899999994
0 -1 30.60810219999999
0 -1 30.751885499999986
-1 0 31.20067539999999
-1 0 31.664103999999988
1 0 32.86391029999996
1 0 33.008272799999965
1 0 33.15189879999996
1 0 33.31270109999996
-1 0 33.90363119999996
-1 0 34.06392579999995
0 1 34.81639689999996
0 1 34.955249799999955
0 1 35.408328099999956
0 -1 35.85643229999995
